function HotBlue = ColormapBlueHot()

    % Colormap with another color sample to provide more detail at low
    % signal levels (helpful to find sidelobes and aliasing artefacts in 
    % magnetization patterns)

    HotBlue = ...
    [0.0416666679084301 0 0;0.0390625 0 0.0625;0.0364583358168602 0 0.125;0.0338541679084301 0 0.1875;0.03125 0 0.25;0.0286458339542151 0 0.3125;0.0260416679084301 0 0.375;0.0234375 0 0.4375;0.0208333339542151 0 0.5;0.0182291679084301 0 0.5625;0.015625 0 0.625;0.0130208339542151 0 0.6875;0.0104166669771075 0 0.75;0.0078125 0 0.8125;0.00520833348855376 0 0.875;0.00260416674427688 0 0.9375;0 0 1;0.0476190485060215 0 0.952380955219269;0.095238097012043 0 0.904761910438538;0.142857149243355 0 0.857142865657806;0.190476194024086 0 0.809523820877075;0.238095238804817 0 0.761904776096344;0.28571429848671 0 0.714285731315613;0.333333343267441 0 0.666666686534882;0.380952388048172 0 0.61904764175415;0.428571432828903 0 0.571428596973419;0.476190477609634 0 0.523809552192688;0.523809552192688 0 0.476190477609634;0.571428596973419 0 0.428571432828903;0.61904764175415 0 0.380952388048172;0.666666686534882 0 0.333333343267441;0.714285731315613 0 0.28571429848671;0.761904776096344 0 0.238095238804817;0.809523820877075 0 0.190476194024086;0.857142865657806 0 0.142857149243355;0.904761910438538 0 0.095238097012043;0.952380955219269 0 0.0476190485060215;1 0 0;1 0.0501089356839657 0;1 0.100217871367931 0;1 0.150326803326607 0;1 0.200435742735863 0;1 0.250544667243958 0;1 0.300653606653214 0;1 0.350762546062469 0;1 0.400871485471725 0;1 0.450980395078659 0;1 0.501089334487915 0;1 0.551198303699493 0;1 0.601307213306427 0;1 0.651416122913361 0;1 0.701525092124939 0;1 0.751634001731873 0;1 0.801742970943451 0;1 0.851851880550385 0;1 0.868312776088715 0;1 0.884773671627045 0;1 0.901234567165375 0;1 0.917695462703705 0;1 0.93415641784668 0;1 0.95061731338501 0;1 0.96707820892334 0;1 0.98353910446167 0;1 1 0];

end






